316892400
316892428
316892454
316892458
316892462
316892464
501416602
316892540
501416526
316892614
501416528
1126363600
1126363196
501416530
316892620
316892610
501416532
501416548
501416576
501416574
501416534
501416570
501416552
501416578
501416540
501416558
501416562
501416564
501416566
501416524
501416572
501416550
501416544
501416538
501416580
501416542
501416582
501416560
501416568
501416554
501416522
501416536
501416556
501416546
501416588
501416590
501416584
501416586
401786804
1126363598
501416604
1126363604
1126362673
1126363602
401786802
1126363606
501416592
501416594
1126363194
1126363198
401786800
316892612
1126363596
401786806
1126363608
501416596
316892622
501416598
316892616
316892618
501416600
700629741
316892400
316892536
700629753
316892412
316892414
316892418
700629743
700629715
700629717
316892420
316892422
316892542
316892538
700629735
316892548
700629711
316892434
316892534
700629721
316892438
700629723
700629713
316892550
317142317
700629725
700629755
316892452
316892456
316892544
700629729
700629737
700629757
700629727
700629747
316892474
316892540
316892506
700629733
316892488
316892490
700629731
316892494
316892498
316892546
316892476
316892512
316892508
316892514
700629719
316892516
316892522
316892502
700629745
316892526
316892558
700629739
316892528
316892530
316892552
700629751
700629749
188501957
316892400
316892402
316892404
316892406
316892408
316892410
316892536
316892412
316892414
316892416
188501968
316892418
316892420
188501972
316892542
316892538
316892570
316892424
316892548
316892426
316892554
316892582
316892428
316892430
316892432
316892434
316892534
316892436
316892438
188501982
188501987
316892584
316892586
316892588
188501989
188501991
316892560
316892440
316892562
316892550
316892442
316892444
316892446
316892448
316892572
316892450
316892452
316892574
316892564
316892556
316892454
316892456
316892458
188501999
316892460
316892462
316892464
316892466
316892590
316892544
188502008
188502010
316892592
316892468
316892594
316892470
316892472
316892474
316892540
316892476
316892568
316892596
316892598
316892566
316892478
316892480
316892482
316892484
316892488
316892490
188502018
316892492
316892494
316892496
316892498
316892600
316892602
316892578
188502020
316892546
316892604
316892526
316892558
316892528
316892530
316892552
316892532
316892512
316892500
316892504
316892508
316892514
316892516
316892518
316892520
316892522
316892502
316892506
316892510
316892524
316892610
316892606
188502029
188502031
316892608
316892612
188502036
316892614
316892616
188502038
188502027
316892618
188502041
316892620
316892622
317142287
317142289
317142291
317142293
317142295
317142297
317142299
317142301
317142309
317142283
317142285
317142315
317142303
317142305
317142307
317142311
317142313
317142317
188501999
188502029
188502031
188502036
188502038
188502041
316892400
316892428
316892454
316892458
316892462
316892464
316892540
316892558
316892608
316892610
316892612
316892614
316892616
316892618
316892622
401786800
401786802
401786804
401786806
501416522
501416524
501416526
501416528
501416530
501416532
501416534
501416536
501416538
501416540
501416542
501416544
501416546
501416548
501416550
501416552
501416554
501416556
501416558
501416560
501416562
501416564
501416566
501416568
501416570
501416574
501416576
501416578
501416580
501416582
501416584
501416586
501416588
501416590
501416592
501416594
501416596
501416598
501416600
501416602
501416604
188501959
316892422
316892486
316892486
316892576
316892580
