316936404
316936438
316936476
316936480
186911463
316936484
316936486
186911478
501416512
316936570
316936592
316936618
501416442
1126363622
316892398
1126363612
501416516
186911523
501416444
316936628
316936612
501416446
501416458
501416486
501416484
316936614
501416480
501416462
501416488
501416450
501416468
501416472
501416474
501416476
501416454
316936622
501416482
501416460
501416456
501416490
501416452
501416492
501416470
501416478
501416464
316936626
501416448
501416466
501416498
186911512
501416500
501416494
501416496
186911509
501416518
186911527
401786812
1126363620
501416520
1126363626
316936610
1126363616
1126363624
315936812
1126363628
501416502
501416504
1126363610
1126363614
316936616
1126363618
401786814
1126363630
501416506
316936630
501416508
501416514
316936620
501416510
700630283
316936412
316936566
700630295
316936418
316936420
316936424
700630285
316936426
316936428
316936430
316936432
316936572
316936568
700630279
316936578
700630269
316936444
316936564
316936448
316936450
316936452
316936458
316936580
319740702
316936470
700630297
316936474
316936478
316936574
700630273
700630281
700630299
700630271
700630289
316936496
316936530
700630277
316936510
316936512
700630275
316936516
316936520
316936576
316936498
316936536
316936528
316936532
316936538
316936540
316936542
316936548
316936526
700630287
316936552
316936558
316936560
316936582
700630293
700630291
186911418
316936406
316936408
316936410
316936414
316936416
37790611
316936422
186911423
37790609
186911430
316936602
37790599
316936434
316936436
316936588
15407231
2896911
316936440
316936442
316936446
37790605
37790617
316936454
316936456
186911443
186911447
186911450
15407215
15407219
15407229
186911452
186911454
316936594
316936596
316936460
15407249
316936586
316936462
316936464
316936466
316936468
316936604
316936472
316936606
316936598
316936590
316936482
186911473
316936488
15407233
15407239
186911475
15407225
316936490
15407223
15407247
186911482
37790607
316936492
316936584
316936494
316936600
15407221
15407237
37790623
316936500
316936502
316936504
316936506
186911491
316936514
316936518
37790613
15407245
15407227
316892394
186911495
15407241
316936554
316936556
316936562
316936522
316936524
316936544
316936546
316936534
316936550
2896925
2896907
186911519
186911505
316936624
319740672
319740674
319740676
319740678
319740680
319740682
319740684
319740686
319740694
319740668
319740670
319740700
319740688
319740690
319740692
319740696
319740698
15407235
15407243
15407251
15407217
37790621
37790625
37790619
37790615
37790603
37790601
401786808
401786810
2896903
2896905
2896909
2896913
2896915
2896917
2896919
2896921
2896923
2896927
2896929
2896931
2896933
186911413
316936508
316936608
316892396
