403063004
403063214
403063160
403063162
403063216
403063218
403063164
403063008
403063028
403064644
403063000
403063002
403062972
403063222
403062968
403062970
403063068
403063262
403062988
403062976
403062978
403062980
403062982
403062936
403063036
403063124
403062938
403062942
403062944
403063010
403063102
403063104
403063106
403063168
403063170
403064638
403063132
403062856
403063136
403062906
403063250
403063202
403063022
403063212
403062908
403063078
403062872
403063244
403063086
403063084
403062868
403063264
403063088
403062870
403063224
403063226
403063228
403063230
403063118
403062910
403062912
403062914
403063014
403062916
403063016
403062918
403063180
403063182
403062928
403062922
403063100
403062926
403062924
403063234
403063232
403063240
403063238
403063236
403063172
403064640
403064642
403063184
403063186
403063142
403063138
403063188
403062950
403063030
403063196
403062956
403063208
403062960
403062996
403063152
403063254
403062844
403063210
403063148
403062962
403062846
403063112
403063048
403063178
403063174
403063096
403062848
403063018
403063020
403062964
403062852
403062984
403062986
403062990
403062992
403063246
403063248
403063242
403063120
403063094
403063192
403063194
403063024
403063040
403063258
403063042
403062972
403062984
403062874
403062988
403062876
403062976
403063076
403062974
403062880
403062978
403062980
403062990
403062892
403062894
403063068
403062898
403062900
403062992
403062884
403062888
403062902
403062904
403062974
403063006
403063080
