403063364
403063524
403063478
403063480
403063526
403063528
403063482
403063368
403063386
403064652
403063360
403063362
403063334
403063532
403063330
403063332
403063408
403063570
403063350
403063338
403063340
403063342
403063344
403063304
403063392
403063452
403063306
403063310
403063312
403063370
403063432
403063434
403063436
403063486
403063488
403064646
403063460
403063278
403063464
403063284
403063558
403063516
403063380
403063522
403063416
403063282
403063572
403063422
403063280
403063534
403063536
403063538
403063540
403063446
403063286
403063288
403063290
403063372
403063292
403063374
403063294
403063498
403063500
403063302
403063296
403063430
403063300
403063298
403063544
403063542
403063550
403063548
403063546
403063490
403064648
403064650
403063502
403063504
403063468
403063466
403063506
403063316
403063388
403063512
403063320
403063518
403063324
403063356
403063474
403063562
403063268
403063520
403063472
403063326
403063270
403063442
403063404
403063496
403063492
403063426
403063272
403063376
403063378
403063328
403063276
403063346
403063348
403063352
403063354
403063554
403063556
403063552
403063448
403063424
403063508
403063510
403063382
403063396
403063566
403063398
700630431
317142492
700630433
700630419
700630445
700630477
700630447
700630457
700630421
317142500
317142494
700630471
317142512
317142544
317142542
317142490
700630451
700630453
700630409
317142522
317142540
700630455
700630479
700630413
317142506
700630465
700630473
700630463
700630423
317142498
700630354
700630469
700630405
700630427
700630461
317142510
700630439
700630417
700630435
700630437
700630415
700630449
700630429
700630411
700630441
700630425
700630467
700630475
700630407
317142532
317142496
317142502
317142504
317142508
317142514
317142516
317142518
317142520
317142530
317142486
317142488
317142538
317142524
317142526
317142528
317142534
317142536
403063336
403063366
700630459
403063418
