1126363697
1126363687
1126363695
1126363701
1126363691
1126363699
1126363703
1126363685
1126363689
1126363693
1126363705
403063678
403063851
403063805
403063807
403063853
403063855
403063809
403063682
403063702
403064660
403063674
403063676
403063648
403063859
403063644
403063646
403063724
403063899
403063664
403063652
403063654
403063656
403063658
403063618
403063708
403063779
403063620
403063624
403063626
403063684
403063757
403063759
403063761
403063813
403063815
403064654
403063787
403063586
403063791
403063596
403063887
403063843
403063696
403063849
403063598
403063732
403063594
403063881
403063741
403063739
403063590
403063901
403063743
403063592
403063861
403063863
403063865
403063867
403063771
403063600
403063602
403063604
403063688
403063606
403063690
403063608
403063825
403063827
403063616
403063610
403063755
403063614
403063612
403063871
403063869
403063877
403063875
403063873
403063817
403064656
403064658
403063829
403063831
403063795
403063793
403063833
403063630
403063775
403063704
403063839
403063634
403063845
403063638
403063670
403063801
403063891
403063576
403063847
403063799
403063640
403063578
403063767
403063720
9965473
403063823
403063819
403063751
403063580
403063692
403063694
403063642
403063584
403063660
403063662
403063666
403063668
403063883
403063885
403063879
403063773
403063749
403063835
403063837
403063698
403063712
403063895
403063714
9965463
9965443
9965471
9965461
9965451
9965467
9965453
9965469
9965477
9965445
9965449
9965459
9965447
9965457
9965465
9965455
403063650
403063680
403063734
