700630380
700630342
317142164
700630344
700630330
700630356
700630382
700630358
700630364
700630332
317142172
317142166
317142184
317142216
317142214
317142162
700630360
700630318
317142194
317142212
700630362
700630392
700630320
700630324
317142178
700630372
700630378
700630370
700630386
700630334
317142170
700630354
700630376
700630312
700630338
700630368
700630314
317142182
700630350
700630328
700630346
700630348
700630326
700630340
700630322
700630352
700630384
700630336
700630374
700630316
700630310
317142204
700630390
700630388
317142168
317142174
317142176
317142180
317142186
317142188
317142190
317142192
317142202
317142158
317142160
317142210
317142196
317142198
317142200
317142206
317142208
700630366
