501416303
501416301
501416251
1126363739
1126363729
501416257
501416265
501416259
501416277
501416261
501416271
501416255
501416279
501416281
501416275
501416267
501416269
501416289
501416287
501416285
501416283
501416297
1126363737
501416305
1126363743
1126363733
1126363741
501416295
1126363745
1126363727
1126363731
501416293
1126363735
501416299
1126363747
501416253
501416291
501416249
700630144
700630080
700630094
700630054
700630027
700630096
700630023
700630025
700630146
700630106
700630118
700630084
700630116
700630056
700630138
700630128
700630060
700630068
700630052
700630110
700630086
700630112
700630072
700630130
700630114
700630156
700630038
700630076
700630124
700630132
700630140
700630029
700630044
700630150
700630088
700630058
700630042
700630136
700630064
700630092
700630134
700630122
700630066
700630126
700630102
700630082
700630098
700630100
700630078
700630108
700630040
700630074
700630104
700630148
700630090
700630142
700630070
700630062
700630031
700630154
700630152
700630120
