501416151
501416139
501416153
1126363751
501416155
501416157
501416149
501416159
501416169
501416197
501416195
501416161
501416191
501416173
501416199
501416165
501416179
501416183
501416185
501416187
501416193
501416167
501416201
501416203
501416181
501416189
501416175
501416141
501416163
501416177
501416213
501416209
501416207
501416211
501416215
501416205
401786826
1126363757
501416135
1126363761
1126363759
401786824
501416217
501416219
1126363749
1126363753
401786822
501416147
1126363755
401786828
1126363763
501416221
501416143
501416223
501416137
501416145
501416225
501416171
