316892624
316892654
316892684
171988502
316892794
316892690
171988510
316892760
501416406
316892778
1126363644
1126363634
171988530
501416400
501416408
316892774
501416422
501416414
501416420
316892780
501416412
501416424
316892782
501416416
316892784
501416410
501416418
501416426
171988524
501416428
501416438
1126363642
1126363648
1126363638
171988528
1126363646
501416436
1126363650
501416430
1126363632
1126363636
501416434
1126363640
501416440
1126363652
501416402
316936402
501416404
501416432
700630001
316892790
316892756
700630011
316892634
316892636
316892640
316892642
316892644
316892646
316892648
316892762
316892758
700629995
316892768
700629983
316892656
316892754
316892660
316892662
316892664
316892668
316892770
319740798
316892678
700630013
316892682
316892686
316892764
700629987
700629997
700630015
700629985
700630005
316892700
316892722
700629993
316892708
316892710
700629991
316892714
316892716
316892766
316936398
316892728
316892720
316892724
316892730
316936400
316892732
316892738
316892718
700630003
316892742
700629989
700629999
316892748
316892750
316892772
700630009
700630007
171988470
171988474
316892626
316892628
316892630
316892632
316892638
171988480
171988484
316892650
316892652
316936396
316892658
316892666
171988492
171988494
171988496
171988498
316892670
316892672
316892674
316892792
316892676
316892680
316892688
171988506
316892692
171988508
316892694
171988512
316892696
316892698
316892702
316892704
316892712
171988518
316892744
316892746
316892752
316892796
316892734
316892736
316892726
316892740
316892776
171988532
316892786
316892788
171988472
316892706
