700630245
700630195
317141934
700630197
700630183
700630209
700630247
700630211
700630213
700630223
700630185
317141942
317141936
700630239
317141954
317141986
319740760
317141932
700630217
700630219
317141964
317141982
700630221
700630173
700630177
317141948
700630231
700630241
700630257
700630229
700630251
700630187
317141940
700630207
700630237
700630167
700630191
700630235
700630227
700630169
317141952
700630203
700630181
700630199
700630201
700630179
700630215
700630193
700630175
700630205
700630249
700630189
700630233
700630243
700630171
317141974
700630255
700630253
317141932
317141934
317141936
317141938
317141940
317141986
317141984
317141942
317141944
317141946
317141948
317141950
317141952
317141954
317141956
317141958
317141960
317141962
317141972
317141964
317141928
317141930
317141980
317141974
317141966
317141968
317141970
317141976
317141978
317141982
700630225
