403064008
403064180
403064134
403064136
403064182
403064184
403064138
403064012
403064032
403064668
403064004
403064006
403063978
403064188
403063974
403063976
403064054
403064226
403063994
403063982
403063984
403063986
403063988
403063948
403064038
403064108
403063950
403063954
403063956
403064014
403064086
403064088
403064090
403064142
403064144
403064662
403064116
403063916
403064120
403063926
403064214
403064172
403064026
403064178
403063928
403064062
403063924
403064208
403064070
403064068
403063920
403064228
403064072
403063922
403064190
403064192
403064194
403064196
403064100
403063930
403063932
403063934
403064018
403063936
403064020
403063938
403064154
403064156
403063946
403063940
403064084
403063944
403063942
403064200
403064198
403064204
403064202
403064146
403064664
403064666
403064158
403064160
403064124
403064122
403064162
403063960
403064104
403064034
403064168
403063964
403064174
403063968
403064000
403064130
403064218
403063906
403064176
403064128
403063970
403063908
403064096
403064050
403064152
403064148
403064080
403063910
403064022
403064024
403063972
403063914
403063990
403063992
403063996
403063998
403064210
403064212
403064206
403064102
403064078
403064164
403064166
403064028
403064042
403064222
403064044
403063980
403064010
403064064
