700630595
700630525
700630541
700630497
700630607
700630543
700630529
700630553
700630597
700630555
700630557
700630567
700630531
700630565
700630499
700630591
700630579
700630503
700630511
700630495
700630625
700630533
700630627
700630515
700630581
700630493
700630561
700630609
700630517
700630521
700630575
700630583
700630593
700630611
700630573
700630601
700630623
700630501
700630551
700630589
700630507
700630537
700630587
700630571
700630509
700630577
700630547
700630527
700630545
700630523
700630559
700630539
700630519
700630549
700630599
700630535
700630585
700630513
700630505
700630617
700630605
700630603
48926938
48926937
48926936
48926935
48926934
48926933
48926932
48926931
48926930
48926929
48926928
700630569
