700629793
700629771
700629869
700629809
700629859
700629817
700629819
700629797
700629829
700629853
700629841
700629779
700629769
700629823
700629799
700629825
700629783
700629843
700629827
700629785
700629789
700629837
700629845
700629855
700629871
700629835
700629863
700629801
700629773
700629851
700629775
700629805
700629849
700629833
700629777
700629839
700629795
700629811
700629813
700629791
700629821
700629807
700629787
700629815
700629861
700629803
700629847
700629857
700629781
700629875
700629867
700629865
700629831
