316892798
316892810
316892824
316892826
186911083
316892828
316892829
186911089
501416398
316892868
501416373
1126363189
1126363184
501416371
316892891
501416374
501416383
316892892
501416380
501416376
501416377
316892895
501416379
501416378
501416384
501416392
186911115
501416381
501416389
501416387
501416390
501416386
501416388
501416396
1126363188
501416399
1126363191
1126363186
1126363190
501416395
1126363192
501416391
1126363183
1126363185
501416394
501416372
1126363187
501416397
1126363193
316892897
501416393
316892894
700629643
316892801
316892866
316892804
316892805
700629644
700629630
700629631
316892806
316892807
316892869
316892867
700629640
316892872
700629629
316892813
316892865
700629633
316892815
700629634
316892817
316892873
317142274
700629635
700629649
316892823
316892825
316892870
700629637
700629641
700629650
700629636
700629646
316892834
316892850
700629639
316892841
316892842
700629638
316892844
316892846
316892871
316892835
316892853
316892849
316892851
316892854
700629632
316892855
316892858
316892848
700629645
316892860
316892877
700629642
316892862
316892863
316892874
700629648
700629647
186911049
316892799
316892800
316892802
316892803
186911057
186911061
316892883
316892808
316892809
316892875
15407166
2896952
316892811
316892812
316892814
316892816
186911069
187233853
15407158
15407160
15407229
186911075
186911077
316892878
316892879
316892818
15407175
316892819
316892820
316892821
316892884
316892822
316892885
316892880
316892876
316892827
186911087
316892830
15407167
15407170
15407163
316892831
15407162
15407174
186911091
316892832
316892833
316892882
15407161
15407169
316892881
316892836
316892837
316892838
316892839
316892843
316892845
15407173
15407164
316892887
186911097
15407171
316892861
316892864
316892847
316892856
316892857
316892852
316892859
2896964
316892889
186911105
316892890
316892893
186911111
186911113
316892896
317142259
317142260
317142261
317142262
317142263
317142264
317142265
317142266
317142270
317142257
317142258
317142273
317142267
317142268
317142269
317142271
317142272
15407168
15407172
15407176
15407159
15407165
501416375
501416382
2896935
2896936
2896937
2896938
2896939
2896940
2896941
2896942
2896943
2896944
2896945
2896946
2896947
316892840
316892886
316892888
