403064392
403064584
403064540
403064542
403064586
403064588
403064544
403064396
403064416
403064676
403064388
403064390
403064360
403064592
403064356
403064358
403064456
403064634
403064376
403064364
403064366
403064368
403064370
403064324
403064424
403064514
403064326
403064330
403064332
403064398
403064490
403064492
403064494
403064548
403064550
403064670
403064522
403064244
403064526
403064292
403064620
403064576
403064410
403064582
403064294
403064466
403064260
403064614
403064474
403064472
403064256
403064636
403064476
403064258
403064594
403064596
403064598
403064600
403064506
403064296
403064298
403064300
403064402
403064302
403064404
403064304
403064560
403064316
403064310
403064488
403064314
403064312
403064604
403064602
403064610
403064608
403064606
403064552
403064672
403064674
403064562
403064564
403064530
403064528
403064566
403064338
403064510
403064418
403064572
403064344
403064578
403064348
403064384
403064536
403064624
403064232
403064580
403064534
403064350
403064234
403064500
403064436
403064632
403064558
403064554
403064484
403064236
403064406
403064408
403064352
403064240
403064372
403064374
403064378
403064380
403064616
403064618
403064612
403064508
403064482
403064568
403064570
403064412
403064428
403064628
403064430
403064262
403064264
403064464
403064362
403064268
403064280
403064282
403064286
403064288
403064272
403064276
403064290
1495831
1495839
1495847
1495849
1495855
1490454
1495863
1495857
1495859
1495877
1495869
1495829
1495865
1495873
1495833
1495841
1495843
1495867
1495875
403064394
403064468
